10007
11087
11188
11209
11210
11211
11213
11214
11215
11216
11217
11220
11221
11227
11230
11234
11359
11414
11415
11416
11417
11431
11442
11443
11451
11454
11488
11489
11504
11531
11533
11534
11563
11564
11566
11567
11568
11570
11729
11733
11734
11735
11737
11738
11743
11933
12164
12165
12221
12703
12704
12705
12706
12707
12880
12911
12912
13778
13888
14347
14491
14856
15072
15331
15523
15592
15594
15652
15743
15744
15745
15746
15747
15763
15764
15765
15766
15768
15769
15874
17551
17552
17553
17602
17852
17860
17914
17918
17926
17934
17949
17978
17980
17983
17984
18130
18131
18138
18144
18145
18147
18148
18170
18205
18298
18427
18486
18692
18755
18758
18866
18965
18967
19012
19013
19014
19015
19117
19136
19147
19148
19149
19150
19151
19153
19163
19166
19168
19169
19170
19192
19196
19314
19472
19510
19963
20105
20137
20141
20159
6243
6244
6245
6246
6247
6248
6250
6251
6253
6254
6255
6256
6257
6258
6259
6260
6261
6262
6263
6264
6265
6266
6267
6268
6269
6270
6271
6272
6273
6274
6275
6276
6277
6278
6279
6280
6281
6282
6283
6284
6285
6286
6287
6288
6289
6291
6292
6293
6295
6296
6297
6298
6299
6300
6301
6302
6303
6304
6305
6308
6311
6312
6313
6315
6316
6318
6319
6320
6346
6348
6350
6351
6352
6353
6354
6355
6356
6357
6361
6362
6363
6364
6365
6366
6367
6368
6369
6370
6371
6372
6373
6375
6376
6377
6378
6379
6380
6384
6406
6407
6408
6410
6411
6414
6415
6418
6419
6420
6423
6424
6425
6427
6428
6429
6430
6432
6433
6434
6435
6436
6437
6438
6439
6441
6442
6443
6444
6445
6455
6479
6480
6482
6483
6484
6485
6486
6487
7433
7493
7636
7754
7756
7757
7758
7759
7760
7761
7762
7763
7764
7765
7766
7767
8853
8864
8865
8866
8867
8891
8904
8907
8911
8912
8930
8935
8937
8943
8944
8963
8972
8975
8981
8982
8983
8985
8986
8987
8988
8996
9004
9021
9023
9031
9062
9074
9075
9084
9091
9094
9103
9110
9115
9118
9123
9124
9127
9128
9131
9132
9143
9163
9164
9209
9312
9614
9619
9635
9756
9764
9814